Year,10th Percentile,50th Percentile,90th Percentile
1963,13286,47026,95268
1965,14783,50989,101564
1966,16242,53899,107762
1967,16202,55283,108265
1968,17704,57354,113451
1970,17355,59243,119518
1971,17252,58371,119041
1972,17453,61139,126053
1973,18224,62843,128828
1974,17178,59770,124306
1975,16621,58338,121104
1976,16924,60048,124442
1977,16740,60137,127283
1978,16751,61110,129906
1979,16079,60712,130792
1980,15110,56745,124500
1981,14558,55119,122636
1982,13908,54034,123162
1983,13803,54638,125333
1984,14047,56642,131066
1985,14345,57247,132795
1986,14440,59692,138456
1987,14562,60666,141712
1988,14603,60211,143027
1989,15272,61071,145969
1990,14681,59534,142212
1991,13940,57525,139504
1992,13552,57594,139980
1993,13235,56067,142460
1994,13737,57394,146042
1995,14491,58265,146475
1996,14157,59228,148677
1997,14750,60411,153551
1998,15038,62480,158359
1999,15782,64018,164279
2000,16492,64785,166195
2001,15678,63438,164840
2002,15434,62934,163795
2003,14817,62528,166361
2004,14727,62664,165609
2005,14704,62238,166153
2006,15170,62568,171476
2007,15005,63482,168632
2008,14283,60989,164757
2009,13421,59618,165469
2010,13078,58515,162472
2011,12675,57037,159997
2012,12675,56984,160463
2013,13217,58140,162265
2014,13030,59551,170319
2015,14053,62397,175716
2016,14459,64959,182826
